size
2544
3049
415
1692
975
306
414
378
1210
789
761
934
434
2115
841
1690
194
1213
1330
1808
836
207
140
1579
2705
786
1785
1114
731
2450
932
5263
1334
469
668
266
521
403
1053
1196
869
1245
3198
581
556
240
784
422
521
947
1054
1945
1255
628
1918
669
351
724
501
1632
1071
254
686
576
1493
3755
76
273
903
1320
207
100
603
1104
1103
268
1373
1825
464
3532
540
1300
126
915
466
394
2322
3193
237
3981
254
1081
863
2730
2382
608
3372
231
706
628
2021
673
689
1921
232
455
1537
2521
1677
637
1312
1341
578
1101
1130
2511
673
308
1967
780
127
932
918
1735
280
1917
1181
408
1637
761
234
626
1153
368
0
337
2110
1218
691
2178
427
871
1470
754
725
156
9771
3065
2425
1079
0
